4.9999161860467405,-0.001257209298899305
4.974744891185783,-0.001625008411684047
4.94957466022432,-0.0019913319031772984
4.924405483108775,-0.002356224118711783
4.899237349950716,-0.002719728377674104
4.87407025102414,-0.0030818869712076835
4.848904176762748,-0.0034427411598748664
4.82373911775722,-0.0038023311712754174
4.79857506475248,-0.004160696197620678
4.773412008644962,-0.00451787439326234
4.748249940479856,-0.004873902872173452
4.7230888514483755,-0.005228817705380955
4.697928732884985,-0.005582653918347913
4.6727695762646535,-0.005935445488303907
4.647611373200079,-0.006287225341522089
4.622454115438926,-0.0066380253505403195
4.597297794861036,-0.00698787633132616
4.572142403475652,-0.0073368080403823244
4.546987933418625,-0.007684849171791612
4.521834376949617,-0.008032027354199469
4.4966817264492995,-0.008378369147730932
4.471529974416541,-0.008723900040841396
4.446379113465588,-0.00906864444709813
4.421229136323253,-0.009412625701890009
4.396080035826067,-0.00975586605906407
4.370931804917454,-0.0100983866874855
4.345784436644879,-0.01044020766751906
4.320637924156999,-0.010781347987428932
4.295492260700801,-0.011121825539694657
4.270347439618728,-0.011461657117240075
4.245203454345812,-0.011800858409572278
4.22006029840678,-0.012139443998827574
4.194917965413165,-0.012477427355721358
4.1697764490604,-0.012814820835398413
4.144635743124909,-0.013151635673180402
4.119495841461188,-0.013487881980206869
4.094356737998869,-0.013823568738965678
4.069218426739782,-0.01415870379871007
4.04408090175501,-0.014493293870756823
4.018944157181923,-0.014827344523662684
3.9938081872212057,-0.015160860178273873
3.9686729861338845,-0.015493844102644622
3.9435385482383265,-0.015826298406819435
3.918404867907238,-0.01615822403747496
3.8932719395646482,-0.016489620772415656
3.8681397576828824,-0.016820487214918155
3.8430083167795184,-0.017150820787918873
3.817877611414336,-0.017480617728038918
3.792747636186247,-0.01780987307944032
3.7676183857302177,-0.01813858068750714
3.7424898547141705,-0.018466733192345042
3.7173620378358785,-0.018794322022092455
3.6922349298198367,-0.019121337386035886
3.667108525414127,-0.019447768267522193
3.641982819387258,-0.019773602416659992
3.6168578065249943,-0.020098826342801374
3.591733481627167,-0.02042342530679672
3.566609839504466,-0.02074738331301209
3.541486874975214,-0.02107068310110096
3.516364582862122,-0.021393306137520156
3.4912429579890256,-0.02171523260677957
3.4661219951776,-0.022036441402415258
3.4410016892440543,-0.02235691011767443
3.415882034995805,-0.022676615035900856
3.390763027228125,-0.022995531120607888
3.365644660720771,-0.023313632005226927
3.3405269302345877,-0.023630889982516758
3.3154098305080812,-0.02394727599362071
3.290293356253974,-0.02426275961675577
3.2651775021557268,-0.024577309055518522
3.2400622628640363,-0.0248908911267913
3.2149476329933004,-0.02520347124823113
3.189833607118056,-0.02551501342532389
3.1647201797693816,-0.025825480237983835
3.1396073454312723,-0.026134832826678934
3.114495098536974,-0.02644303087806078
3.0893834334652883,-0.026750032610076798
3.0642723445368367,-0.027055794756541483
3.0391618260102855,-0.027360272551141727
3.0140518720785354,-0.027663419710850755
2.988942476864861,-0.02796518841872277
2.9638336344190157,-0.02826552930603969
2.9387253387132843,-0.02856439143377949
2.9136175836384908,-0.028861722273373958
2.8885103629999547,-0.02915746768672168
2.8634036705133985,-0.029451571905420828
2.8382974998007975,-0.029743977509183145
2.8131918443861745,-0.030034625403389466
2.788086697691335,-0.030323454795744168
2.7629820530315405,-0.030610403171983352
2.7378779036111145,-0.030895406270589506
2.7127742425189836,-0.031178398056461602
2.6876710627241462,-0.03145931069348772
2.6625683570710645,-0.0317380745159629
2.637466118274981,-0.03201461799879206
2.612364338917148,-0.03228886772641407
2.587263011439977,-0.032560748360378755
2.562162128142092,-0.03283018260550462
2.537061681173289,-0.03309709117453993
2.5119616625293957,-0.0333613927512461
2.4868620640470245,-0.03362300395181475
2.4617628773982148,-0.03388183928452665
2.4366640940849598,-0.0341378111075524
2.4115657054336057,-0.03439082958478975
2.3864677025891257,-0.03464080263962353
2.361370076509254,-0.034887635906488426
2.336272817958474,-0.03513123268010417
2.3111759175018567,-0.035371493862246035
2.2860793654987357,-0.03560831790590152
2.2609831520962103,-0.035841600756655254
2.2358872672224686,-0.036071235791131556
2.2107917005799194,-0.03629711375231201
2.1856964416381204,-0.03651912268153185
2.160601479626492,-0.03673714784694461
2.135506803526803,-0.036951071668227156
2.1104124020654114,-0.03716077363728228
2.0853182637052496,-0.03736613023467395
2.060224376637538,-0.03756701484151271
2.0351307287732023,-0.03776329764648344
2.010037307733984,-0.037954845547685315
1.9849684479927816,-0.03814214009180393
1.9599162201029716,-0.03832758183242661
1.9348644144532028,-0.03851130121012157
1.909813000090456,-0.03869315028093967
1.88476194529627,-0.03887297729284179
1.8597112175618624,-0.039050626549748266
1.8346607835621607,-0.03922593826723715
1.8096106091286572,-0.03939874841925749
1.784560659221006,-0.03956888857516621
1.7595108978972636,-0.03973618572633458
1.7344612882826744,-0.03990046210149861
1.7094117925368872,-0.040061534969950546
1.6843623718194782,-0.04021921643158166
1.6593129862536502,-0.040373313192689914
1.6342635948879582,-0.040523626326359266
1.6092141556559008,-0.04066995101609605
1.584164625333199,-0.04081207628127584
1.5591149594925697,-0.040949784682802054
1.5340651124557754,-0.041082852007211366
1.5090150372427145,-0.04121104692726929
1.4839646855172888,-0.0413341306368897
1.4589140075297573,-0.04145185645796877
1.433862952055252,-0.04156396941645499
1.4088114663280982,-0.04167020578466868
1.3837594959715405,-0.041770292586536126
1.3587069849224225,-0.041863947062007655
1.3336538753503306,-0.041950876086476796
1.308600107570635,-0.04203077554050272
1.283545619950806,-0.04210332962454717
1.258490348809297,-0.0421682101127588
1.2334342283062025,-0.042225075539058896
1.2083771903247866,-0.04227357030788073
1.1833191643428709,-0.04231332372087451
1.1582600772929175,-0.04234394890967956
1.133199853409495,-0.04236504166345926
1.1081384140626214,-0.042376179138249995
1.083075677575259,-0.04237691843325052
1.0580115590229842,-0.04236679501691483
1.0329459700135495,-0.04234532098304112
1.0078788184436998,-0.0423119831138877
0.9828100082301843,-0.04226624072358718
0.9577394390113984,-0.04220752325064313
0.9326670058154916,-0.04213522756291321
0.9075925986900544,-0.042048714932004766
0.8825161022876229,-0.04194730762616879
0.8574373954001846,-0.041830285061246454
0.8323563504345766,-0.0416968794375683
0.8072728328190896,-0.041546270776381386
0.7821867003296373,-0.04137758125166757
0.7570978023214338,-0.041189868691178036
0.7320059788490961,-0.04098211909290836
0.7069110596542931,-0.040753237968429376
0.6818128629952331,-0.04050204028025667
0.6567111942861408,-0.040227238683792674
0.6316058445069349,-0.039927429711197324
0.6064965883330171,-0.03960107743915657
0.5813831819215475,-0.03924649405695353
0.5562653602726314,-0.03886181658420904
0.5311428340597523,-0.03844497876290283
0.5060152857910553,-0.03799367684211091
0.48088236511802723,-0.03750532755116817
0.4557436830451538,-0.036977015964695284
0.43059880470473716,-0.03640543011967183
0.40544724023186135,-0.035786778022672966
0.3802884330840754,-0.0351166808792809
0.35512174486354015,-0.03439003364947888
0.3299464352566288,-0.03360081980966388
0.30476163500338466,-0.03274186048143517
0.2795663086587269,-0.03180446705104129
0.25435920195396133,-0.030777947612470897
0.22913876510846964,-0.029648884199265375
0.20390303700646428,-0.02840003550797051
0.17864946244955038,-0.02700859653621189
0.15337458772823015,-0.025443284091012482
0.12807351705267345,-0.023659105017294332
0.10273884825340084,-0.021587056826904392
0.07735830083702096,-0.019111046484935876
0.05190826874926146,-0.016004790565740022
0.026328677377004686,-0.011684195985419891
0.0,0.0
0.02392257890440235,0.012682908139153381
0.048594243813552616,0.017989588929417703
0.07339546800720016,0.022069305114768456
0.09826617687222731,0.025506149779102566
0.12318276435436176,0.028526406348068807
0.1481329499602121,0.03124616785657396
0.1731093315202989,0.033734436792771064
0.19810701324479202,0.03603620631173809
0.2231225414241937,0.03818275960645206
0.24815336086010908,0.04019690167928739
0.27319751043675056,0.04209587383369829
0.2982534403734998,0.043893094036143374
0.3233198964016627,0.04559925419263401
0.3483958430761584,0.04722304291692162
0.3734804111370302,0.048771639087406955
0.39857286027065125,0.050251059227693046
0.4236725520791825,0.051666408377796624
0.4487789300201729,0.05302206533213551
0.47389150422870646,0.05432182208413451
0.4990098398370855,0.05556899059681407
0.5241335478497956,0.05676648579555352
0.5492622779183235,0.057916890951017964
0.5743957125508145,0.05902250981413139
0.5995335624207518,0.06008540864291405
0.6246755625282411,0.06110745041774514
0.6498214690304422,0.062090322949341525
0.6749710566027569,0.06303556216101726
0.700124116225104,0.06394457152061239
0.725280453311708,0.06481863837272453
0.7504398861207774,0.06565894775483803
0.7756022443939808,0.06646659415538213
0.8007673681859356,0.06724259157636119
0.8259351068518557,0.06798788219002404
0.8511053181676547,0.06870334382238885
0.8762778675616234,0.06938979645220852
0.901452627440599,0.07004800787915257
0.9266294765965688,0.07067869868737976
0.951808299682069,0.07128254660863913
0.9769889867446901,0.07186019037132335
1.002171432812582,0.07241223310757473
1.0273555375241392,0.07293924537888971
1.0525412047961116,0.07344176787113568
1.0777283425252437,0.07392031380205434
1.1029168623192884,0.07437537107784747
1.128106679253822,0.0748074042300611
1.1532977116518064,0.07521685615949647
1.17848988088326,0.0756041497101172
1.2036831111827513,0.0759696890927599
1.2288773294827424,0.07631386117578523
1.2540724652610549,0.07663703665754303
1.279268450400953,0.07693957113359996
1.304465219062531,0.07722180607003479
1.3296627075642424,0.07748406969269887
1.3548608542735576,0.0777266778011304
1.3800595995058467,0.07794993451477025
1.405258885430696,0.07815413295822489
1.4304586559849493,0.07833955589154401
1.455658856791851,0.07850647629080126
1.4808594350857265,0.07865515788367639
1.5060603396417078,0.07878585564422089
1.531261520710054,0.07889881625053854
1.5564629299546666,0.07899427850871554
1.5816645203954445,0.07907247374598632
1.6068662463541497,0.07913362617581424
1.6320680634034992,0.07917795323729586
1.6572699283192143,0.0792056659110556
1.6824717990347933,0.07921696901358716
1.7076736345987913,0.07921206147180657
1.7328753951344111,0.07919113657941583
1.758077041801229,0.07915438223652371
1.7832785367588937,0.07910198117383796
1.8084798431326494,0.07903411116262256
1.833680924980553,0.07895094521150622
1.8588817472622583,0.07885265175113207
1.8840822758092577,0.07873939480755102
1.9092824772964787,0.07861133416518502
1.934482319215139,0.07846862552011373
1.9596817698467772,0.07831142062437632
1.9848807982383743,0.07813986742192185
2.010063194778579,0.07795439662523947
2.035221030020768,0.07775779834652188
2.0603786384378395,0.0775508536334624
2.085536007651535,0.07733369558796188
2.11069312557278,0.07710645402133542
2.1358499803927953,0.07686925555247251
2.1610065605745135,0.07662222370080914
2.186162854844292,0.07636547897444254
2.2113188521839002,0.0760991389536958
2.236474541822758,0.07582331837041548
2.2616299132304234,0.07553812918326624
2.286784956109305,0.07524368064926659
2.311939660387591,0.07494007939179215
2.3370940162123808,0.0746274294652583
2.3622480139430078,0.07430583241667756
2.387401644144543,0.07397538734427465
2.41255489758147,0.07363619095332982
2.437707765211523,0.07328833760940842
2.462860238179675,0.07293191938912558
2.4880123078122725,0.07256702612858357
2.5131639656113083,0.0721937454696118
2.538315203248822,0.07181216290392947
2.563466012561426,0.07142236181534499
2.588616385544948,0.07102442352009694
2.613766314349184,0.07061842730543705
2.6389157912727583,0.0702044504665468
2.6640648087580816,0.0697825683418764
2.689213359386407,0.06935285434698693
2.7143614358729766,0.0689153800069735
2.7395090310622527,0.06847021498754109
2.7646561379232337,0.0680174271248016
2.789802749544846,0.06755708245385605
2.814948859131414,0.06708924523622196
2.840094459998198,0.06661397798616324
2.865239545567004,0.0661313414959755
2.8903841093618547,0.0656413948602779
2.9155281450047257,0.06514419549935871
2.940671646211339,0.06463979918161974
2.965814606787015,0.06412826004516245
2.9909570206225764,0.06360963061855499
3.016098881690309,0.06308396184081941
3.041240184039966,0.0625513030806738
3.066380921794822,0.06201170215506397
3.0915210891477773,0.061465205347016647
3.1166606803574988,0.060911857422844995
3.1417996897446074,0.06035170164873449
3.166938111687905,0.0597847798067377
3.192075940620638,0.05921113221020306
3.2172131710268004,0.05863079771866257
3.2423497974374715,0.058043813752201995
3.267485814427188,0.057450216305335436
3.292621216610348,0.0568500399604059
3.3177559986376477,0.05624331790053103
3.3428901551925483,0.05563008192211424
3.368023680987772,0.05501036244693855
3.393156570761825,0.054384188533860636
3.4182888192755523,0.05375158789012171
3.44342042130871,0.053112586882290355
3.468551371656571,0.052467210546853243
3.4936816651265525,0.05181548260046659
3.5188112965348632,0.0511574254498832
3.5439402607031782,0.050493060201567
3.569068552455333,0.0498224066710081
3.594196166614039,0.04914548339174968
3.619323097997619,0.04846230762413828
3.6444493414167622,0.04777289536380779
3.6695748916713002,0.047077261349907876
3.6946997435469977,0.04637541907308643
3.719823891812363,0.045667380783234846
3.744947331215478,0.04495315749700626
3.770070056480838,0.044232759005114156
3.7951920623062154,0.04350619387942011
3.8203133433595338,0.04277346947981848
3.845433894275758,0.04203459196092516
3.870553709653801,0.04128956627857816
3.8956727840534424,0.04053839619615635
3.92079111199226,0.039781084290723336
3.945908687942578,0.039017631959002465
3.971025506328427,0.03824803942318928
3.996141561522513,0.037472305736607134
4.021256847843204,0.03669042878921151
4.0463713595515225,0.035902405312948235
4.071485090848158,0.035108230886971015
4.096598035870478,0.03430789994272315
4.121710188689566,0.03350140576888784
4.146821543307252,0.03268874051621186
4.171932093653169,0.03186989520220733
4.19704183358181,0.031044859715734705
4.222150756869603,0.030213622821472323
4.247258857211977,0.029376172164275446
4.272366128220469,0.0285324942734286
4.297472563419802,0.027682574566795536
4.322578156245012,0.02682639735486913
4.347682900038539,0.025963945844725583
4.372786788047371,0.025095202143885297
4.397889813420164,0.02422014726408414
4.422991969204386,0.02333876112495732
4.448093248343457,0.02245102255763968
4.473193643673913,0.02155690930828413
4.49829314792256,0.02065639804150185
4.52339175370365,0.01974946434372553
4.548489453516049,0.018836082726499823
4.573586239740429,0.017916226629699647
4.598682104636452,0.01698986842467958
4.623777040339969,0.016056979417356794
4.648871038860222,0.01511752985122863
4.673964092077056,0.014171488910327474
4.699056191738131,0.013218824722115502
4.724147329456148,0.012259504360319511
4.7492374967060735,0.011293493847709987
4.774326684822376,0.0103207581588238
4.7994148849962635,0.009341261222634071
4.824502088272932,0.008354965925167705
4.84958828554881,0.007361834112073046
4.874673467568826,0.006361826591138713
4.899757624923656,0.0053549031347649685
4.9248407480470044,0.004341022482389456
4.949922827212866,0.003320142342868786
4.975003852532811,0.0022922193968162863
5.0000838139532595,0.001257209298899305
